35 0.27782818037711776 0.3297881558111797 0.175479310789167 0.3650119255988834
11 0.36845252716673577 0.36817230438627024 0.1740986487450698 0.3727425384437537
0 0.43369566745933996 0.38801781490171977 0.16759407560680586 0.3614774898232348
4 0.5719035290665969 0.4320245217082677 0.16588610524208355 0.35514560266810485
6 0.5009006980445483 0.42439240614986395 0.17217247283326423 0.357035651288624
22 0.10789166119107589 0.6071684481001206 0.1570189450978475 0.30942366689245626
15 0.18565298527927032 0.6268878058566083 0.16475870991548636 0.30670810266810483
9 0.30194947929534666 0.6713105924913396 0.1440825340036808 0.2900185696514182
0 0.3702267006099994 0.6952261273170487 0.1518950340036808 0.2904280054270668
0 0.48817661360402714 0.7358245511069098 0.15233144509784752 0.3091780054270668
0 0.5650657687142703 0.7594092152858326 0.16217922378319471 0.3299818283578455