35 0.2677598388775003 0.3384785121407009 0.12803881980277687 0.3566712003165692
11 0.3626592816533299 0.3568216836900287 0.12507746103647888 0.36595527210332374
0 0.4307507625786064 0.3618752450519421 0.12022631980277687 0.35644387978345565
4 0.574005884737585 0.37412152929596676 0.11855472564697553 0.35014841567683297
6 0.5030212288933864 0.3824401461472987 0.12636722564697536 0.35037573620994644
22 0.15123045251176692 0.6482747124572701 0.11770924593951496 0.3017109156768331
15 0.23099977312861797 0.6506435430195132 0.1270024253226639 0.29729620031656906
9 0.3524753526739227 0.6689950747562555 0.10647173701106123 0.2842051669304741
0 0.4237463806770999 0.6770827079049235 0.11425696347211094 0.2828699874635877
0 0.5459213896055537 0.6907240075883545 0.11145924593951495 0.30152905925034224
0 0.6249912808392557 0.697803070203909 0.11962630194586943 0.32206887978345566