16 0.07106317468343087 0.43995975877548865 0.14212634936686175 0.4011031619159093
19 0.14079821542677093 0.4728428034443546 0.13328649076229296 0.39573370031656907
32 0.22694866409398742 0.4898507955267958 0.1727127036152744 0.4093703029821361
1 0.3425592922280905 0.5138074695834061 0.11945131129540627 0.403137023356965
1 0.4270790447353729 0.5332046757724699 0.11899667022917945 0.387512023356965
5 0.4853772780423256 0.5416560217741193 0.13462167022917945 0.3879666644231918
10 0.5912264612701359 0.5791667304704656 0.1574514164682558 0.42141566191590946
1 0.6951865355641729 0.6011206353267461 0.11940584718878373 0.401574523356965
1 0.746158002178078 0.6199328198081976 0.11725231380268877 0.3812165592503424
3 0.7997460034317193 0.6293018081297151 0.12639999326957535 0.3736768438900784
8 0.8646435777257565 0.6523923156515624 0.12630906505632994 0.3705518438900784