16 0.06114590739135375 0.4915707346769608 0.10909189779513921 0.3946996877564411
19 0.14259527593246485 0.5132282173767553 0.08561803020395864 0.39218218281352524
32 0.2306583203853815 0.5190060320917722 0.12329986815986142 0.4015226907221905
1 0.34911737965593703 0.5266673403809984 0.06868510334222258 0.4024193458553869
1 0.43634462272208285 0.5348207385941125 0.06984755983923634 0.38529551285158126
5 0.495665071335312 0.5347451427387255 0.08543619224805585 0.38436968281352524
10 0.6059661384896523 0.5575685360089238 0.106476044071667 0.41644735376405234
1 0.7127246315557981 0.5649260967696079 0.07017486815986143 0.3993580128515813
1 0.7655041394395828 0.5776051688989987 0.06970208947451403 0.3790455128515813
3 0.8208819704616314 0.5792512405340977 0.08042138392743112 0.3701161818249421
8 0.8892501107542354 0.5928561427015445 0.08034864874506979 0.3669911818249421