16 0.11006946515613578 0.44129661465627323 0.1753858892214081 0.3985658640197265
19 0.19085844648480382 0.475543797979001 0.15159319171091906 0.39360564401654463
32 0.2790571861118416 0.49406598396722873 0.1916028850722232 0.40656017735518085
1 0.39753542158969457 0.5200552246180932 0.13812268756173413 0.40125451201463563
1 0.48434925997197686 0.5409393419398664 0.1369386958601039 0.3856295120146358
5 0.5437126045780365 0.5504137919319122 0.1525636958601039 0.38581132535009016
10 0.6538222330022752 0.5897933705840492 0.17692507843352737 0.41887836401972633
1 0.7604041197248835 0.6135752212365044 0.13800428839157117 0.3996920120146356
1 0.8135058089370029 0.6332877372295048 0.13490259917945197 0.37936133068109007
3 0.8682408531281439 0.643597981222187 0.1436856033286368 0.371657918682363
8 0.9320179186782985 0.6678343652132782 0.135964162643403 0.3685329186823628