16 0.062273212433839376 0.5583200051910847 0.12454642486767875 0.40268392619541976
19 0.13782638038143588 0.5765610419522005 0.11910541604479227 0.39819384727034207
32 0.22623496437382468 0.57857783923666 0.15698741802195865 0.40975297355046647
1 0.34592538186431065 0.5816334917545564 0.10229991802195863 0.4065677893919517
1 0.43423846536240784 0.5859940390390158 0.10316208106382038 0.3894712946536236
5 0.49305504984908827 0.5839379863517102 0.11878708106382022 0.3903813472703419
10 0.6074212973776303 0.602345623084591 0.14193542098770812 0.42290542093374806
1 0.714579881370019 0.6054544835091128 0.1037350840295698 0.4035337946536236
1 0.7690127133852416 0.6148896676676274 0.10290741307904269 0.3832212946536234
3 0.8246087973776304 0.6149953544569782 0.11190041110187643 0.3743923262236546
8 0.8946347958947556 0.6261218412322114 0.11183674410568187 0.37282982622365457