17 0.0700263105904126 0.56171875 0.1196794373806342 0.3484375
27 0.13348937392586704 0.54609375 0.11172148671227067 0.3359375
9 0.1874501679265034 0.54140625 0.1006203547103616 0.321875
9 0.23755016526100334 0.5328125 0.10076580537872512 0.334375
14 0.31344959392904875 0.52265625 0.11986125071608864 0.3640625
14 0.5334171959341394 0.48515625 0.10541694271163422 0.33125
33 0.3720797065961396 0.51953125 0.11346580004772511 0.3515625
29 0.4755319705999576 0.49140625 0.11506466271481593 0.3546875
22 0.5960990092695939 0.46953125 0.11468285471036169 0.321875
25 0.6554830999363667 0.46875 0.10065671737745241 0.325
6 0.7596438886060028 0.446875 0.10552603071290675 0.340625
0 0.8105433172740483 0.43671875 0.09751353604390686 0.3234375
3 0.86119729793923 0.44765625 0.10231012404517976 0.3328125
7 0.9083541086091845 0.4234375 0.10232830537872531 0.334375