25 0.20103750195685405 0.35607522902362554 0.19218646849636886 0.3169638618124774
11 0.2606039495312597 0.3960179110095984 0.18765846516238902 0.29957610271317864
0 0.31677433013620354 0.42946026912144786 0.17777328213185087 0.29272532541528273
3 0.3644944819529747 0.47021447948505085 0.19071956334561796 0.33707610271317867
10 0.4159933380121113 0.5127815137227771 0.20140197183034889 0.33465200956072394
16 0.4784934669500652 0.5552682048080486 0.2042718803150798 0.33172726866002267
29 0.5672851578565111 0.6316385425618325 0.1889339227387344 0.3152011027131788
8 0.6534778783097341 0.6725021768918438 0.1848841515269072 0.32271321406423076
9 0.7020430530053224 0.7125252020302714 0.18488415152690701 0.32271321406423076
7 0.7557421378526318 0.7473798658176469 0.18995428879981055 0.32770110271317865
9 0.8030796523964993 0.7928215761812499 0.1794313769810998 0.3130378254152827