17 0.0583063126820616 0.5473067920562819 0.1147805316702352 0.3474840540583344
27 0.1227552575883544 0.5343982467785462 0.10664978292387643 0.3365011022629364
9 0.17753368580159976 0.5315914093463328 0.0953031059642723 0.32237496974937885
9 0.2269570242814018 0.5248465056573407 0.09566681881725377 0.334874969749379
14 0.30374684481451525 0.5174794332522421 0.11371813684308467 0.36466246369925487
14 0.5249004307870349 0.4898549238824681 0.1002633906040085 0.3317772408266178
33 0.3623633268678265 0.5170390717177277 0.10866692399010329 0.3521351926220159
29 0.46697427052047813 0.4934248305965222 0.10875785220334855 0.3552601926220159
22 0.5885681256933276 0.47694183342519264 0.10936560596427221 0.3224567829810955
25 0.6487016436400163 0.4780730622497579 0.09539403417751764 0.32549996974937906
6 0.7531307308661772 0.4607088211285525 0.10053617524374445 0.34115224082661777
0 0.8049432834526019 0.45241505297817997 0.09222357007089492 0.32391928903121964
3 0.8545795705996205 0.46520594446872765 0.09562135471063087 0.33331246974937906
7 0.9028723180923379 0.44360820042065596 0.09566681881725358 0.334874969749379