25 0.1739543787060065 0.5050991785395595 0.1415394154625697 0.3148547953411587
11 0.24670154768395788 0.49738517582602604 0.13957687195958357 0.2975854081860289
0 0.3117089518442704 0.4869556088881414 0.13009276918604193 0.2924065852552504
3 0.374899282866319 0.4875454291053864 0.13583492933027808 0.33796474672063964
10 0.4420140476839579 0.48714928143480707 0.14822582655673636 0.3339323439616777
16 0.5178862166619094 0.47927150441101407 0.15280422378319472 0.3294905054270668
29 0.6349100625015968 0.48016121777628273 0.1384144154625698 0.3146910210308992
8 0.7298777235957635 0.45645704489093275 0.1323826210096531 0.3237384724103801
9 0.7923231722089927 0.45552530868574265 0.1323826210096531 0.3237384724103801
7 0.856476591186944 0.4482616853254228 0.13558035619201406 0.32702724672063965
9 0.9227010032310414 0.45259398123240835 0.12903941546256945 0.3141996981001206