17 0.11426591895929199 0.340810831480285 0.19319945081045745 0.34324198165323566
27 0.17739340153609684 0.35841596711710033 0.1833879411918106 0.330687439498758
9 0.22743060707105967 0.3815671208060924 0.16877980416850208 0.3149806262670413
9 0.2756870577966991 0.3984773648541641 0.17228675008481806 0.32593630698520054
14 0.34700898628981997 0.42697454869558127 0.1968155241314351 0.357322662371395
14 0.5583036395551974 0.5031047357584523 0.17541175008481816 0.3259544877033598
33 0.40028031922944446 0.45323252166641403 0.18856651451278825 0.34477721057599686
29 0.5051414340202345 0.4799717627876195 0.19023814191744998 0.3479113009350764
22 0.6214311221320021 0.5207098713952676 0.1829514315731638 0.31818743949875794
25 0.6748115824762884 0.5500928443661004 0.17045143157316378 0.318114716626121
6 0.7759574202252363 0.5823235613850049 0.17880956859647235 0.3337851684215192
0 0.8265303390997103 0.5984389198944571 0.16721730416850206 0.3149715359079618
3 0.8660119905509891 0.6325912060970065 0.17384925008481816 0.32594539734428024
7 0.9157564805310383 0.6354116790678392 0.16848703893792347 0.32750789734428026