17 0.1389579572713407 0.657227893262297 0.20577664704446308 0.34387055113509035
27 0.19582260729957554 0.6285631509729347 0.19567360495108826 0.33120690990138824
9 0.24642955205202113 0.6130569277582959 0.1807010523343698 0.3153364480508355
9 0.291385736281123 0.594330247157331 0.1844630891660728 0.3263284951287361
14 0.3616681442018657 0.5682410799490466 0.20972069439950972 0.3579875982129911
14 0.5621316048099139 0.4858900503210163 0.1891505891660728 0.3264103157455871
33 0.4177438389543113 0.5528303141207339 0.20274265230613492 0.3453785040571898
29 0.5085361679499762 0.5036854764577543 0.20292466282947857 0.3485035040571898
22 0.6174792574689848 0.4579792844927037 0.19503656811938547 0.3202694099013884
25 0.675253960113938 0.4449395422033414 0.18244556285771338 0.31848872158978575
6 0.7687540601562904 0.4020856148487873 0.19273061547443185 0.3342773628234877
0 0.8151362364928845 0.3810424577867727 0.17922955759604164 0.316871674511885
3 0.8666532338620486 0.3811612345721339 0.18602558916607279 0.32635576866768645
7 0.9052761181052679 0.34749534658484277 0.18611659442774453 0.32791826866768636