1 0.8659628524086369 0.4400845774078421 0.1787161967884842 0.5080045219953242
0 0.2934591918604638 0.516814527393909 0.18244197408638002 0.5176163203356502
4 0.3748186158268722 0.4845124354871417 0.18566710363602928 0.5194156186759764
9 0.7822689728589876 0.43531272180412034 0.17162558759690044 0.47014932448483526
5 0.6965422239387218 0.45001291661531706 0.1894930104835746 0.5305899170163023
5 0.5666205937707636 0.24783234213048191 0.008452850092285047 0.03484859668065212
4 0.6157835772702093 0.4729400085220844 0.19005421498708142 0.5150833161864654
30 0.5331014851974887 0.4768803020885256 0.1870293445367306 0.5164090178461394
16 0.4563690044758202 0.48598169233561894 0.17228692165005643 0.45620522365499827
17 0.2092343861849378 0.5080772222051058 0.19534249228497735 0.5248135136969545
22 0.1231967566352885 0.5031277678461394 0.1880911967884841 0.5087149170163023