1 0.8855075019494114 0.34676444127838313 0.15423734540099687 0.5027565901291547
0 0.31927287993318487 0.48273096582248237 0.15905211473581496 0.5138304824490227
4 0.3986245726050483 0.44215377843803694 0.1590339334022696 0.5122679824490227
9 0.8018955706158659 0.35075927098269655 0.14753281206236082 0.4635122337026639
5 0.7172751226130025 0.37430808274032135 0.16072370273708766 0.5232509465556454
5 0.5773148359723195 0.18703906644298532 0.006649989337999785 0.034556856426490735
4 0.6380325179424118 0.4055102701247667 0.16366688940163315 0.5077168747688907
30 0.5558830892743664 0.4180533857224574 0.1605600707351787 0.5091884465556454
16 0.47992911660568466 0.4351021448936575 0.14893168006045165 0.4494951978092866
17 0.23492515193350308 0.4828422775801071 0.16846347740290585 0.5172282670887588
22 0.14896947059995763 0.48690530344435456 0.16203166406745143 0.5014214106622681